features: curvature-segment_count
mean coverage: 4.762666666666667
percentile 25: 1.3
candidate targets dark: 
[[(22, 8), 0.5], [(23, 4), 0.1], [(23, 6), 0.2], [(23, 7), 0.5], [(24, 4), 0.1], [(24, 5), 0.1]]
candidate targets grey: 
[[(20, 2), 2.8], [(20, 7), 3.6], [(20, 8), 0.7], [(21, 3), 2.9], [(21, 6), 2.9], [(21, 7), 3.4], [(21, 8), 0.9], [(22, 4), 3.7], [(22, 5), 4.6], [(22, 6), 1.7], [(22, 7), 1.5], [(23, 5), 0.9]]
candidate targets white: 
[[(0, 0), 0.0], [(0, 8), 0.0], [(1, 0), 0.0], [(2, 0), 0.0], [(2, 1), 0.0], [(3, 0), 0.0], [(4, 0), 0.0], [(5, 0), 0.0], [(6, 0), 0.0], [(7, 0), 0.0], [(8, 0), 0.0], [(9, 0), 0.0], [(10, 0), 0.0], [(11, 0), 0.0], [(12, 0), 0.0], [(13, 0), 0.0], [(14, 0), 0.0], [(15, 0), 0.0], [(16, 0), 0.0], [(17, 0), 0.0], [(17, 1), 0.0], [(18, 0), 0.0], [(18, 1), 0.0], [(19, 0), 0.0], [(19, 1), 0.0], [(20, 0), 0.0], [(20, 1), 0.0], [(21, 0), 0.0], [(21, 1), 0.0], [(22, 0), 0.0], [(22, 1), 0.0], [(23, 0), 0.0], [(23, 1), 0.0], [(23, 2), 0.0], [(23, 8), 0.0], [(24, 0), 0.0], [(24, 1), 0.0], [(24, 2), 0.0], [(24, 3), 0.0], [(24, 6), 0.0], [(24, 7), 0.0], [(24, 8), 0.0]]
features: curvature-mean_lateral_position
mean coverage: 1.6940800000000003
percentile 25: 0.7
candidate targets dark: 
[[(20, 1), 0.1], [(20, 3), 0.1], [(20, 5), 0.1], [(20, 7), 0.1], [(21, 3), 0.2], [(21, 5), 0.4], [(21, 6), 0.4], [(21, 7), 0.7], [(22, 3), 0.5], [(22, 4), 0.1], [(22, 5), 0.2], [(22, 7), 0.1], [(24, 9), 0.1]]
candidate targets grey: 
[[(20, 8), 0.9], [(21, 8), 0.7], [(22, 8), 0.8], [(22, 10), 1.2], [(22, 12), 1.5], [(22, 13), 1.0], [(22, 16), 1.0], [(23, 10), 0.4], [(23, 11), 0.4], [(23, 12), 0.7], [(23, 14), 0.8], [(23, 15), 0.9]]
candidate targets white: 
[[(0, 0), 0.0], [(0, 1), 0.0], [(0, 2), 0.0], [(0, 3), 0.0], [(0, 4), 0.0], [(0, 5), 0.0], [(0, 6), 0.0], [(0, 7), 0.0], [(0, 8), 0.0], [(0, 9), 0.0], [(0, 14), 0.0], [(0, 15), 0.0], [(0, 16), 0.0], [(0, 17), 0.0], [(0, 18), 0.0], [(0, 19), 0.0], [(0, 20), 0.0], [(0, 21), 0.0], [(0, 22), 0.0], [(0, 23), 0.0], [(0, 24), 0.0], [(1, 0), 0.0], [(1, 1), 0.0], [(1, 2), 0.0], [(1, 3), 0.0], [(1, 4), 0.0], [(1, 5), 0.0], [(1, 6), 0.0], [(1, 7), 0.0], [(1, 15), 0.0], [(1, 16), 0.0], [(1, 17), 0.0], [(1, 18), 0.0], [(1, 19), 0.0], [(1, 20), 0.0], [(1, 21), 0.0], [(1, 22), 0.0], [(1, 23), 0.0], [(1, 24), 0.0], [(2, 0), 0.0], [(2, 1), 0.0], [(2, 2), 0.0], [(2, 3), 0.0], [(2, 4), 0.0], [(2, 5), 0.0], [(2, 6), 0.0], [(2, 7), 0.0], [(2, 15), 0.0], [(2, 16), 0.0], [(2, 17), 0.0], [(2, 18), 0.0], [(2, 19), 0.0], [(2, 20), 0.0], [(2, 21), 0.0], [(2, 22), 0.0], [(2, 23), 0.0], [(2, 24), 0.0], [(3, 0), 0.0], [(3, 1), 0.0], [(3, 2), 0.0], [(3, 3), 0.0], [(3, 4), 0.0], [(3, 5), 0.0], [(3, 6), 0.0], [(3, 17), 0.0], [(3, 18), 0.0], [(3, 19), 0.0], [(3, 20), 0.0], [(3, 21), 0.0], [(3, 22), 0.0], [(3, 23), 0.0], [(3, 24), 0.0], [(4, 0), 0.0], [(4, 1), 0.0], [(4, 2), 0.0], [(4, 3), 0.0], [(4, 4), 0.0], [(4, 5), 0.0], [(4, 6), 0.0], [(4, 17), 0.0], [(4, 18), 0.0], [(4, 19), 0.0], [(4, 20), 0.0], [(4, 21), 0.0], [(4, 22), 0.0], [(4, 23), 0.0], [(4, 24), 0.0], [(5, 0), 0.0], [(5, 1), 0.0], [(5, 2), 0.0], [(5, 3), 0.0], [(5, 4), 0.0], [(5, 5), 0.0], [(5, 6), 0.0], [(5, 7), 0.0], [(5, 20), 0.0], [(5, 21), 0.0], [(5, 22), 0.0], [(5, 23), 0.0], [(5, 24), 0.0], [(6, 0), 0.0], [(6, 1), 0.0], [(6, 2), 0.0], [(6, 3), 0.0], [(6, 4), 0.0], [(6, 5), 0.0], [(6, 6), 0.0], [(6, 21), 0.0], [(6, 22), 0.0], [(6, 23), 0.0], [(6, 24), 0.0], [(7, 0), 0.0], [(7, 1), 0.0], [(7, 2), 0.0], [(7, 3), 0.0], [(7, 4), 0.0], [(7, 5), 0.0], [(7, 6), 0.0], [(7, 21), 0.0], [(7, 22), 0.0], [(7, 23), 0.0], [(7, 24), 0.0], [(8, 0), 0.0], [(8, 1), 0.0], [(8, 2), 0.0], [(8, 3), 0.0], [(8, 4), 0.0], [(8, 5), 0.0], [(8, 6), 0.0], [(8, 7), 0.0], [(8, 18), 0.0], [(8, 21), 0.0], [(8, 22), 0.0], [(8, 23), 0.0], [(8, 24), 0.0], [(9, 0), 0.0], [(9, 1), 0.0], [(9, 2), 0.0], [(9, 3), 0.0], [(9, 4), 0.0], [(9, 7), 0.0], [(9, 21), 0.0], [(9, 22), 0.0], [(9, 23), 0.0], [(9, 24), 0.0], [(10, 0), 0.0], [(10, 1), 0.0], [(10, 2), 0.0], [(10, 3), 0.0], [(10, 4), 0.0], [(10, 5), 0.0], [(10, 23), 0.0], [(10, 24), 0.0], [(11, 0), 0.0], [(11, 1), 0.0], [(11, 2), 0.0], [(11, 3), 0.0], [(11, 4), 0.0], [(11, 5), 0.0], [(11, 7), 0.0], [(11, 23), 0.0], [(12, 0), 0.0], [(12, 1), 0.0], [(12, 2), 0.0], [(12, 3), 0.0], [(12, 4), 0.0], [(12, 5), 0.0], [(12, 23), 0.0], [(13, 0), 0.0], [(13, 1), 0.0], [(13, 2), 0.0], [(13, 3), 0.0], [(13, 4), 0.0], [(13, 5), 0.0], [(13, 23), 0.0], [(14, 0), 0.0], [(14, 1), 0.0], [(14, 2), 0.0], [(14, 3), 0.0], [(14, 4), 0.0], [(14, 7), 0.0], [(14, 23), 0.0], [(15, 0), 0.0], [(15, 1), 0.0], [(15, 2), 0.0], [(15, 3), 0.0], [(15, 4), 0.0], [(15, 5), 0.0], [(15, 23), 0.0], [(15, 24), 0.0], [(16, 0), 0.0], [(16, 1), 0.0], [(16, 2), 0.0], [(16, 3), 0.0], [(16, 4), 0.0], [(16, 5), 0.0], [(16, 8), 0.0], [(16, 23), 0.0], [(16, 24), 0.0], [(17, 0), 0.0], [(17, 1), 0.0], [(17, 2), 0.0], [(17, 3), 0.0], [(17, 4), 0.0], [(17, 5), 0.0], [(17, 6), 0.0], [(17, 23), 0.0], [(17, 24), 0.0], [(18, 0), 0.0], [(18, 1), 0.0], [(18, 2), 0.0], [(18, 3), 0.0], [(18, 4), 0.0], [(18, 5), 0.0], [(18, 6), 0.0], [(18, 22), 0.0], [(18, 23), 0.0], [(18, 24), 0.0], [(19, 0), 0.0], [(19, 1), 0.0], [(19, 2), 0.0], [(19, 3), 0.0], [(19, 4), 0.0], [(19, 5), 0.0], [(19, 6), 0.0], [(19, 23), 0.0], [(19, 24), 0.0], [(20, 0), 0.0], [(20, 2), 0.0], [(20, 4), 0.0], [(20, 6), 0.0], [(20, 23), 0.0], [(20, 24), 0.0], [(21, 0), 0.0], [(21, 1), 0.0], [(21, 2), 0.0], [(21, 4), 0.0], [(21, 21), 0.0], [(21, 22), 0.0], [(21, 23), 0.0], [(21, 24), 0.0], [(22, 0), 0.0], [(22, 1), 0.0], [(22, 2), 0.0], [(22, 6), 0.0], [(22, 19), 0.0], [(22, 20), 0.0], [(22, 21), 0.0], [(22, 22), 0.0], [(22, 23), 0.0], [(22, 24), 0.0], [(23, 0), 0.0], [(23, 1), 0.0], [(23, 2), 0.0], [(23, 3), 0.0], [(23, 4), 0.0], [(23, 5), 0.0], [(23, 6), 0.0], [(23, 7), 0.0], [(23, 8), 0.0], [(23, 9), 0.0], [(23, 16), 0.0], [(23, 17), 0.0], [(23, 18), 0.0], [(23, 19), 0.0], [(23, 20), 0.0], [(23, 21), 0.0], [(23, 22), 0.0], [(23, 23), 0.0], [(23, 24), 0.0], [(24, 0), 0.0], [(24, 1), 0.0], [(24, 2), 0.0], [(24, 3), 0.0], [(24, 4), 0.0], [(24, 5), 0.0], [(24, 6), 0.0], [(24, 7), 0.0], [(24, 8), 0.0], [(24, 12), 0.0], [(24, 13), 0.0], [(24, 14), 0.0], [(24, 15), 0.0], [(24, 16), 0.0], [(24, 17), 0.0], [(24, 18), 0.0], [(24, 19), 0.0], [(24, 20), 0.0], [(24, 21), 0.0], [(24, 22), 0.0], [(24, 23), 0.0], [(24, 24), 0.0]]
features: segment_count-sd_steering
mean coverage: 4.723555555555556
percentile 25: 1.0
candidate targets dark: 
[]
candidate targets grey: 
[[(5, 20), 2.1], [(5, 21), 2.5], [(6, 18), 3.9], [(7, 11), 4.3], [(7, 12), 4.4], [(7, 14), 4.0], [(7, 17), 2.7], [(8, 18), 0.7]]
candidate targets white: 
[[(0, 1), 0.0], [(0, 2), 0.0], [(0, 3), 0.0], [(0, 4), 0.0], [(0, 5), 0.0], [(0, 6), 0.0], [(0, 7), 0.0], 
[(0, 8), 0.0], [(0, 9), 0.0], [(0, 10), 0.0], [(0, 11), 0.0], [(0, 12), 0.0], [(0, 13), 0.0], [(0, 14), 0.0], 
[(0, 15), 0.0], [(0, 16), 0.0], [(0, 17), 0.0], [(0, 18), 0.0], [(0, 19), 0.0], [(0, 20), 0.0], [(0, 21), 0.0], 
[(0, 22), 0.0], [(0, 23), 0.0], [(0, 24), 0.0], [(1, 2), 0.0], [(1, 4), 0.0], [(1, 5), 0.0], [(1, 8), 0.0], [(1, 9), 0.0], 
[(1, 10), 0.0], [(1, 14), 0.0], [(1, 15), 0.0], [(1, 16), 0.0], [(1, 17), 0.0], [(1, 18), 0.0], [(1, 19), 0.0], 
[(1, 20), 0.0], [(1, 21), 0.0], [(1, 22), 0.0], [(1, 23), 0.0], [(1, 24), 0.0], [(2, 21), 0.0], [(2, 22), 0.0], 
[(2, 23), 0.0], [(2, 24), 0.0], [(3, 20), 0.0], [(3, 21), 0.0], [(3, 22), 0.0], [(3, 23), 0.0], [(3, 24), 0.0], 
[(4, 22), 0.0], [(4, 23), 0.0], [(4, 24), 0.0], [(6, 24), 0.0], [(7, 0), 0.0], [(7, 22), 0.0], [(7, 23), 0.0], 
[(7, 24), 0.0], [(8, 0), 0.0], [(8, 1), 0.0], [(8, 2), 0.0], [(8, 3), 0.0], [(8, 10), 0.0], [(8, 11), 0.0], 
[(8, 19), 0.0], [(8, 20), 0.0], [(8, 21), 0.0], [(8, 22), 0.0], [(8, 23), 0.0], [(8, 24), 0.0]]
